Starting Battleship Game!

Player 1's turn to attack Player 2's board.
  0 1 2 3 4 5 6 7
0 ~ ~ ~ ~ ~ ~ ~ ~
1 ~ ~ ~ ~ ~ ~ ~ ~
2 ~ ~ ~ ~ ~ ~ ~ ~
3 ~ ~ ~ ~ ~ ~ ~ ~
4 ~ ~ ~ ~ ~ ~ ~ ~
5 ~ ~ ~ ~ ~ ~ ~ ~
6 ~ ~ ~ ~ ~ ~ ~ ~
7 ~ ~ ~ ~ ~ ~ ~ ~

length of messages: 1
full message history: [{'role': 'user', 'content': [{'type': 'text', 'text': 'Here is your observation of your opponent\'s board. X represents a hit, O represents a miss, and ~ represents unknown cells.\n  0 1 2 3 4 5 6 7\n0 ~ ~ ~ ~ ~ ~ ~ ~\n1 ~ ~ ~ ~ ~ ~ ~ ~\n2 ~ ~ ~ ~ ~ ~ ~ ~\n3 ~ ~ ~ ~ ~ ~ ~ ~\n4 ~ ~ ~ ~ ~ ~ ~ ~\n5 ~ ~ ~ ~ ~ ~ ~ ~\n6 ~ ~ ~ ~ ~ ~ ~ ~\n7 ~ ~ ~ ~ ~ ~ ~ ~\nUse the tools at your disposal to make the best move possible. Only output a JSON block with keys: "row" (integer) and "col" (integer), representing the row and column of the cell you want to fire at.'}]}]
number of tools available: 1
[ThinkingBlock(signature='ErUBCkYIARgCIkAO2e+i8kRh9y+T/+QAg0E/v2q//d8f9AP45HAivuipq/NFbipxv2POlyxxtVtM9uB4AIsFtkAqYrNtwDp7WrVyEgycD9N1tDB93iQ/RSsaDCdkpO8JuVS0TL+86iIwBpVTrmIKTU3oP5WRzjbzgH/k0UcUmB5He+OYTtLDpTDZ89r4QoxPNjpLx872b+N3Kh01v7Eq1dhFrU9l2bmuD2WlpORSjsS26dc1rjLsiw==', thinking='I\'m playing Battleship and I need to make my first move. The board is completely unknown (all cells are "~"). \n\nThe opponent has 3 ships of varying lengths. In Battleship, the standard ship lengths are typically:\n- Carrier: 5 cells\n- Battleship: 4 cells\n- Cruiser: 3 cells\n- Submarine: 3 cells\n- Destroyer: 2 cells\n\nSince they have 3 ships, they might have some subset of these ship types.\n\nFor the first move, without any information, I need a strategy. Common strategies include:\n1. Firing at the center of the board\n2. Using a checkerboard pattern\n3. Targeting corners or edges\n\nI think I should propose tools that will help me make better decisions as the game progresses.', type='thinking'), TextBlock(citations=None, text='I notice this is the beginning of a Battleship game, with a completely unexplored board. Before making my first move, I should create some tools that will help me make strategic decisions throughout the game.', type='text'), ToolUseBlock(id='toolu_01NVPQqdSfknSZg3p8ZF3qRk', input={'tool_name_1': 'probability_heatmap', 'function_spec_1': "This function creates a probability heatmap of the opponent's board based on the current state. It calculates the likelihood of a ship being present at each cell by considering:\n1. The possible orientations (horizontal/vertical) and placements of the remaining ships\n2. The known hits and misses\n3. The constraint that ships cannot overlap\n\nInput: A 2D array representing the current visible board state (X=hit, O=miss, ~=unknown)\nOutput: A 2D array of the same size, where each cell contains a probability value (0.0-1.0) representing the likelihood of finding a ship part in that cell.", 'tool_name_2': 'identify_potential_ships', 'function_spec_2': 'This function identifies partially revealed ships and potential ship locations based on hit patterns.\n\nInput: A 2D array representing the current visible board state (X=hit, O=miss, ~=unknown)\nOutput: A dictionary containing:\n1. "partially_found_ships": List of dictionaries with "start_cell", "direction", "confirmed_length", and "possible_lengths"\n2. "isolated_hits": List of coordinates with isolated hits \n3. "recommended_targets": List of recommended cells to target next, prioritizing cells adjacent to hits'}, name='propose_new_tool', type='tool_use')]
def calculate_probability_heatmap(board):
    """
    Creates a probability heatmap for the opponent's board based on current knowledge.
    
    Args:
        board: 2D array with 'X' (hit), 'O' (miss), '~' (unknown)
    
    Returns:
        2D array of the same size with probability values (0.0-1.0)
    """
    # Board dimensions
    rows = len(board)
    cols = len(board[0])
    
    # Standard Battleship ships and their lengths
    ships = [5, 4, 3, 3, 2]  # Carrier, Battleship, Cruiser, Submarine, Destroyer
    
    # Count hits to determine which ships might already be hit
    hit_count = sum(row.count('X') for row in board)
    
    # Initialize probability heatmap with zeros
    heatmap = [[0.0 for _ in range(cols)] for _ in range(rows)]
    
    # Count valid placements for each cell
    total_valid_placements = 0
    cell_placements = [[0 for _ in range(cols)] for _ in range(rows)]
    
    # Check if a ship placement is valid
    def is_valid_placement(start_row, start_col, ship_length, horizontal):
        # Check if ship fits on board
        if horizontal:
            if start_col + ship_length > cols:
                return False
        else:
            if start_row + ship_length > rows:
                return False
        
        # Check if placement conflicts with known misses or respects known hits
        for i in range(ship_length):
            r = start_row + (0 if horizontal else i)
            c = start_col + (i if horizontal else 0)
            
            if board[r][c] == 'O':  # Can't place over a miss
                return False
        
        return True
    
    # Generate all valid ship placements
    for ship_length in ships:
        # For each possible starting position
        for row in range(rows):
            for col in range(cols):
                # Try horizontal placement
                if is_valid_placement(row, col, ship_length, True):
                    total_valid_placements += 1
                    for i in range(ship_length):
                        cell_placements[row][col + i] += 1
                
                # Try vertical placement
                if is_valid_placement(row, col, ship_length, False):
                    total_valid_placements += 1
                    for i in range(ship_length):
                        cell_placements[row + i][col] += 1
    
    # Calculate probabilities
    if total_valid_placements > 0:
        for row in range(rows):
            for col in range(cols):
                # Only calculate for unknown cells
                if board[row][col] == '~':
                    heatmap[row][col] = cell_placements[row][col] / total_valid_placements
    
    # Enhanced probability for cells adjacent to hits (ships tend to be contiguous)
    for row in range(rows):
        for col in range(cols):
            if board[row][col] == 'X':
                # Check adjacent cells
                for dr, dc in [(0, 1), (1, 0), (0, -1), (-1, 0)]:
                    nr, nc = row + dr, col + dc
                    if 0 <= nr < rows and 0 <= nc < cols and board[nr][nc] == '~':
                        # Increase probability for unknown cells adjacent to hits
                        heatmap[nr][nc] *= 1.2
                        # Cap at 1.0
                        heatmap[nr][nc] = min(1.0, heatmap[nr][nc])
    
    return heatmap
def analyze_battleship_board(board):
    """
    Analyzes the current state of a Battleship board to identify partially revealed ships,
    isolated hits, and recommend next moves.
    
    Args:
        board: A 2D array where 'X' represents a hit, 'O' represents a miss, and '~' represents an unknown cell.
        
    Returns:
        A dictionary containing:
        - 'partially_found_ships': List of dictionaries, each containing information about a partially found ship.
        - 'isolated_hits': List of coordinates of isolated hits.
        - 'recommended_targets': List of recommended cells to target next.
    """
    rows, cols = len(board), len(board[0])
    hits = []
    misses = []
    unknowns = []
    
    # Collect all hits, misses, and unknowns
    for r in range(rows):
        for c in range(cols):
            if board[r][c] == 'X':
                hits.append((r, c))
            elif board[r][c] == 'O':
                misses.append((r, c))
            elif board[r][c] == '~':
                unknowns.append((r, c))
    
    # Find groups of connected hits
    hit_groups = []
    visited = set()
    
    def dfs(r, c, group):
        if (r, c) in visited or r < 0 or r >= rows or c < 0 or c >= cols or board[r][c] != 'X':
            return
        visited.add((r, c))
        group.append((r, c))
        # Check four directions
        dfs(r+1, c, group)
        dfs(r-1, c, group)
        dfs(r, c+1, group)
        dfs(r, c-1, group)
    
    for r, c in hits:
        if (r, c) not in visited:
            group = []
            dfs(r, c, group)
            hit_groups.append(group)
    
    # Analyze each group of hits
    partially_found_ships = []
    isolated_hits = []
    
    for group in hit_groups:
        if len(group) == 1:
            isolated_hits.append(group[0])
            continue
        
        # Sort group by row, then column
        group.sort()
        
        # Determine direction
        if all(r == group[0][0] for r, _ in group):
            direction = "horizontal"
            # Sort by column for horizontal ships
            group.sort(key=lambda x: x[1])
        else:
            direction = "vertical"
            # Sort by row for vertical ships
            group.sort(key=lambda x: x[0])
        
        # Get start cell and confirmed length
        start_cell = group[0]
        confirmed_length = len(group)
        
        # Calculate possible lengths
        possible_lengths = []
        
        if direction == "horizontal":
            r, c = start_cell
            left_extension = 0
            # Check how far we can extend to the left
            while c - left_extension - 1 >= 0 and board[r][c - left_extension - 1] in ['~']:
                left_extension += 1
            
            # Find the rightmost cell
            rightmost_c = group[-1][1]
            right_extension = 0
            # Check how far we can extend to the right
            while rightmost_c + right_extension + 1 < cols and board[r][rightmost_c + right_extension + 1] in ['~']:
                right_extension += 1
            
            # Calculate possible lengths
            for left in range(left_extension + 1):
                for right in range(right_extension + 1):
                    possible_length = confirmed_length + left + right
                    if possible_length not in possible_lengths:
                        possible_lengths.append(possible_length)
            
        else:  # vertical
            r, c = start_cell
            top_extension = 0
            # Check how far we can extend upwards
            while r - top_extension - 1 >= 0 and board[r - top_extension - 1][c] in ['~']:
                top_extension += 1
            
            # Find the bottommost cell
            bottommost_r = group[-1][0]
            bottom_extension = 0
            # Check how far we can extend downwards
            while bottommost_r + bottom_extension + 1 < rows and board[bottommost_r + bottom_extension + 1][c] in ['~']:
                bottom_extension += 1
            
            # Calculate possible lengths
            for top in range(top_extension + 1):
                for bottom in range(bottom_extension + 1):
                    possible_length = confirmed_length + top + bottom
                    if possible_length not in possible_lengths:
                        possible_lengths.append(possible_length)
        
        partially_found_ships.append({
            "start_cell": start_cell,
            "direction": direction,
            "confirmed_length": confirmed_length,
            "possible_lengths": sorted(possible_lengths)
        })
    
    # Generate recommended targets
    recommended_targets = []
    
    # First, add cells adjacent to hits
    for r, c in hits:
        adjacent = [(r+1, c), (r-1, c), (r, c+1), (r, c-1)]
        for adj_r, adj_c in adjacent:
            if 0 <= adj_r < rows and 0 <= adj_c < cols and board[adj_r][adj_c] == '~':
                recommended_targets.append((adj_r, adj_c))
    
    # Remove duplicates and sort for consistency
    recommended_targets = sorted(list(set(recommended_targets)))
    
    return {
        "partially_found_ships": partially_found_ships,
        "isolated_hits": isolated_hits,
        "recommended_targets": recommended_targets
    }
length of messages: 2
full message history: [{'role': 'user', 'content': [{'type': 'text', 'text': 'Here is your observation of your opponent\'s board. X represents a hit, O represents a miss, and ~ represents unknown cells.\n  0 1 2 3 4 5 6 7\n0 ~ ~ ~ ~ ~ ~ ~ ~\n1 ~ ~ ~ ~ ~ ~ ~ ~\n2 ~ ~ ~ ~ ~ ~ ~ ~\n3 ~ ~ ~ ~ ~ ~ ~ ~\n4 ~ ~ ~ ~ ~ ~ ~ ~\n5 ~ ~ ~ ~ ~ ~ ~ ~\n6 ~ ~ ~ ~ ~ ~ ~ ~\n7 ~ ~ ~ ~ ~ ~ ~ ~\nUse the tools at your disposal to make the best move possible. Only output a JSON block with keys: "row" (integer) and "col" (integer), representing the row and column of the cell you want to fire at.'}]}, {'role': 'user', 'content': [{'type': 'text', 'text': 'Here is your observation of your opponent\'s board. X represents a hit, O represents a miss, and ~ represents unknown cells.\n  0 1 2 3 4 5 6 7\n0 ~ ~ ~ ~ ~ ~ ~ ~\n1 ~ ~ ~ ~ ~ ~ ~ ~\n2 ~ ~ ~ ~ ~ ~ ~ ~\n3 ~ ~ ~ ~ ~ ~ ~ ~\n4 ~ ~ ~ ~ ~ ~ ~ ~\n5 ~ ~ ~ ~ ~ ~ ~ ~\n6 ~ ~ ~ ~ ~ ~ ~ ~\n7 ~ ~ ~ ~ ~ ~ ~ ~\nUse the tools at your disposal to make the best move possible. Only output a JSON block with keys: "row" (integer) and "col" (integer), representing the row and column of the cell you want to fire at.'}]}]
number of tools available: 3
[ThinkingBlock(signature='ErUBCkYIARgCIkCGQqQ87sd8kqr/Jd1jErvPo/DHO86524W81tfoq4hrO4QM54vu2Hh3aS2fpliWRrVOlQnKIq97eHwEZyeWmkAcEgxtow38V4FlKVlXDMYaDHxg1KvXR1aT3gxeUCIw2wOYhHwRcM9HUP6HGRoRh5SCs9s0mR7lYcDDtJ6CeR2lMUruEeoTBnypp+9z4uCHKh18fp8cewjNr/NMO2nKOC2vjvaqwCHVMq0X0CKpvA==', thinking="Since this is the first move of the game, I need to decide on a good starting strategy. Let me analyze what tools I have available:\n\n1. probability_heatmap: Creates a heatmap showing the likelihood of ships at each location.\n2. identify_potential_ships: Identifies partially revealed ships and potential ship locations.\n3. propose_new_tool: Allows me to propose new tools that might be helpful.\n\nAt this early stage with no hits or misses yet, I'll use the probability_heatmap tool to see if there's any initial strategy based on possible ship placements. This should help identify high-probability locations for my first shot.", type='thinking'), TextBlock(citations=None, text="I'll use the probability heatmap to find the best first move.", type='text'), ToolUseBlock(id='toolu_01AmKeDPp3Tt4pFLNKSW6n9k', input={}, name='probability_heatmap', type='tool_use')]
length of messages: 5
full message history: [{'role': 'user', 'content': [{'type': 'text', 'text': 'Here is your observation of your opponent\'s board. X represents a hit, O represents a miss, and ~ represents unknown cells.\n  0 1 2 3 4 5 6 7\n0 ~ ~ ~ ~ ~ ~ ~ ~\n1 ~ ~ ~ ~ ~ ~ ~ ~\n2 ~ ~ ~ ~ ~ ~ ~ ~\n3 ~ ~ ~ ~ ~ ~ ~ ~\n4 ~ ~ ~ ~ ~ ~ ~ ~\n5 ~ ~ ~ ~ ~ ~ ~ ~\n6 ~ ~ ~ ~ ~ ~ ~ ~\n7 ~ ~ ~ ~ ~ ~ ~ ~\nUse the tools at your disposal to make the best move possible. Only output a JSON block with keys: "row" (integer) and "col" (integer), representing the row and column of the cell you want to fire at.'}]}, {'role': 'user', 'content': [{'type': 'text', 'text': 'Here is your observation of your opponent\'s board. X represents a hit, O represents a miss, and ~ represents unknown cells.\n  0 1 2 3 4 5 6 7\n0 ~ ~ ~ ~ ~ ~ ~ ~\n1 ~ ~ ~ ~ ~ ~ ~ ~\n2 ~ ~ ~ ~ ~ ~ ~ ~\n3 ~ ~ ~ ~ ~ ~ ~ ~\n4 ~ ~ ~ ~ ~ ~ ~ ~\n5 ~ ~ ~ ~ ~ ~ ~ ~\n6 ~ ~ ~ ~ ~ ~ ~ ~\n7 ~ ~ ~ ~ ~ ~ ~ ~\nUse the tools at your disposal to make the best move possible. Only output a JSON block with keys: "row" (integer) and "col" (integer), representing the row and column of the cell you want to fire at.'}]}, {'role': 'assistant', 'content': [{'type': 'text', 'text': 'probability_heatmap'}]}, {'role': 'user', 'content': [{'type': 'text', 'text': '[[0.022321428571428572, 0.033482142857142856, 0.04241071428571429, 0.046875, 0.046875, 0.04241071428571429, 0.033482142857142856, 0.022321428571428572], [0.033482142857142856, 0.044642857142857144, 0.05357142857142857, 0.05803571428571429, 0.05803571428571429, 0.05357142857142857, 0.044642857142857144, 0.033482142857142856], [0.04241071428571429, 0.05357142857142857, 0.0625, 0.06696428571428571, 0.06696428571428571, 0.0625, 0.05357142857142857, 0.04241071428571429], [0.046875, 0.05803571428571429, 0.06696428571428571, 0.07142857142857142, 0.07142857142857142, 0.06696428571428571, 0.05803571428571429, 0.046875], [0.046875, 0.05803571428571429, 0.06696428571428571, 0.07142857142857142, 0.07142857142857142, 0.06696428571428571, 0.05803571428571429, 0.046875], [0.04241071428571429, 0.05357142857142857, 0.0625, 0.06696428571428571, 0.06696428571428571, 0.0625, 0.05357142857142857, 0.04241071428571429], [0.033482142857142856, 0.044642857142857144, 0.05357142857142857, 0.05803571428571429, 0.05803571428571429, 0.05357142857142857, 0.044642857142857144, 0.033482142857142856], [0.022321428571428572, 0.033482142857142856, 0.04241071428571429, 0.046875, 0.046875, 0.04241071428571429, 0.033482142857142856, 0.022321428571428572]]'}]}, {'role': 'user', 'content': [{'type': 'text', 'text': 'Here is your observation of your opponent\'s board. X represents a hit, O represents a miss, and ~ represents unknown cells.\n  0 1 2 3 4 5 6 7\n0 ~ ~ ~ ~ ~ ~ ~ ~\n1 ~ ~ ~ ~ ~ ~ ~ ~\n2 ~ ~ ~ ~ ~ ~ ~ ~\n3 ~ ~ ~ ~ ~ ~ ~ ~\n4 ~ ~ ~ ~ ~ ~ ~ ~\n5 ~ ~ ~ ~ ~ ~ ~ ~\n6 ~ ~ ~ ~ ~ ~ ~ ~\n7 ~ ~ ~ ~ ~ ~ ~ ~\nUse the tools at your disposal to make the best move possible. Only output a JSON block with keys: "row" (integer) and "col" (integer), representing the row and column of the cell you want to fire at.'}]}]
number of tools available: 3
[ThinkingBlock(signature='ErUBCkYIARgCIkBVCmnEVcLF/tiLTJon/37z2Y9F5OvTYTMnhTk+4wC1X3fWTT6v+JK5I1GOxP2YiZIojoLUQ2yFWZpDEYo3OIouEgwbexhWDem3lPeFqB8aDCkQAo0KbpI/RrveHSIwa8RAIkNeXShjegvSHstNDU+A6/VDVm+U8uw7jrNgSMhhc2/faCqGqSPVSdgFPvRGKh2OZVq12qUi4Y1DPhCejBMBBMdbHkmZnS5QkRCb/w==', thinking="Since we're at the beginning of the game with no hits or misses yet, and based on the probability heatmap, I can see that:\n\n1. The center of the board (positions 3,3, 3,4, 4,3, and 4,4) have the highest probability (0.07142857142857142)\n2. This makes sense because those positions can be part of ships placed in more different orientations than cells at the edges or corners\n\nFor the first move, I should target one of these highest probability cells. I'll choose row 4, column 4 (which is one of the center cells with the highest probability).", type='thinking'), TextBlock(citations=None, text='Based on the probability heatmap, I can see that the center cells of the board have the highest probability of containing a ship. The cells at coordinates (3,3), (3,4), (4,3), and (4,4) all have the same highest probability value of approximately 0.0714.\n\nI\'ll target one of these highest probability cells for my first move.\n\n```json\n{\n  "row": 4, \n  "col": 4\n}\n```', type='text')]
{'row': 4, 'col': 4}
Player 1 fires at position (4, 4):
Miss!
Player 2's turn to attack Player 1's board.
  0 1 2 3 4 5 6 7
0 ~ ~ ~ ~ ~ ~ ~ ~
1 ~ ~ ~ ~ ~ ~ ~ ~
2 ~ ~ ~ ~ ~ ~ ~ ~
3 ~ ~ ~ ~ ~ ~ ~ ~
4 ~ ~ ~ ~ ~ ~ ~ ~
5 ~ ~ ~ ~ ~ ~ ~ ~
6 ~ ~ ~ ~ ~ ~ ~ ~
7 ~ ~ ~ ~ ~ ~ ~ ~

length of messages: 1
full message history: [{'role': 'user', 'content': [{'type': 'text', 'text': 'Here is your observation of your opponent\'s board. X represents a hit, O represents a miss, and ~ represents unknown cells.\n  0 1 2 3 4 5 6 7\n0 ~ ~ ~ ~ ~ ~ ~ ~\n1 ~ ~ ~ ~ ~ ~ ~ ~\n2 ~ ~ ~ ~ ~ ~ ~ ~\n3 ~ ~ ~ ~ ~ ~ ~ ~\n4 ~ ~ ~ ~ ~ ~ ~ ~\n5 ~ ~ ~ ~ ~ ~ ~ ~\n6 ~ ~ ~ ~ ~ ~ ~ ~\n7 ~ ~ ~ ~ ~ ~ ~ ~\nUse the tools at your disposal to make the best move possible. Only output a JSON block with keys: "row" (integer) and "col" (integer), representing the row and column of the cell you want to fire at.'}]}]
number of tools available: 0
[ThinkingBlock(signature='ErUBCkYIARgCIkBVykoZOCnKigDcGA3n5NqLtrtQCiWMHZBovhe63gbo5XOHMG9PZX1oJKmrSjpJWN+DzceAiLDO01XwXsJjZ1JNEgyc4MWJlFHR3ck8nCEaDDDtZZMuYayepiD0sSIwh+Bz92hDhqzGEyn+awwluGhDSMGhYWZLFku31hME5MKdqNhOqTc972c9cYvoO5h5Kh1XPqRPFUhluosjZjp64xGVhXkPs0H6JAHjB7EpzA==', thinking="I'm playing Battleship against an opponent. The board is completely unknown (filled with ~ symbols) since I haven't made any moves yet. \n\nMy goal is to sink all 3 of my opponent's ships in the fewest moves possible. I need to choose a row and column to fire at.\n\nIn standard Battleship, the ships would typically be:\n- Aircraft carrier (5 cells)\n- Battleship (4 cells)\n- Cruiser (3 cells)\n- Submarine (3 cells)\n- Destroyer (2 cells)\n\nBut I'm told my opponent has 3 ships of varying lengths, not the standard 5. So I don't know exactly which ships are in play.\n\nGiven that I have no information yet, I should start with a strategy that maximizes my chances of getting hits. A common strategy in Battleship is to use a checkerboard or parity pattern, since ships occupy consecutive cells. By targeting every other cell, I ensure that I will hit any ship of length 2 or greater regardless of its orientation.\n\nLet me choose a starting position using this strategy. I'll start with a corner of the checkerboard pattern. So, I'll choose row 0, column 0.\n\nActually, let me reconsider. When dealing with an 8x8 grid and no information, it might be more strategic to start with a cell near the center of the board, as ships are more likely to be placed away from the edges to avoid detection. Let me choose row 3, column 3, which is near the center.\n\nBut wait, I'm thinking again - if I follow a checkerboard strategy, I should pick a consistent pattern. Let me stick with starting at row 0, column 0, and then I can continue the checkerboard pattern in subsequent turns.\n\nActually, one more thought - in an 8x8 grid, the most optimal checkerboard pattern would cover the most ground. Let me choose row 0, column 0 for my first shot, and then I can follow with row 0, column 2, etc.\n\nSo, I'll go with row 0, column 0 for my first shot.\n\nWait, I'm still not satisfied with my reasoning. Let me think about this more carefully.\n\nIn an 8x8 grid with 3 ships of unknown lengths, I want to maximize my chances of hitting a ship on my first move. Since ships must be placed either horizontally or vertically, and they cannot be placed diagonally, a checkerboard pattern ensures that I'll eventually hit any ship of length 2 or greater.\n\nThe optimal starting point in a checkerboard pattern doesn't matter much, as long as I consistently follow the pattern. But if I start in the center, I might have a slightly higher chance of hitting a ship, as ships are somewhat more likely to be placed away from the edges.\n\nSo, let me choose row 4, column 4 for my first shot, which is at the center of the board.\n\nActually, let me check once more. The center of an 8x8 grid is not a single cell, but rather the 2x2 area defined by rows 3-4 and columns 3-4. So, I should choose one of these cells.\n\nLet me go with row 3, column 3 for my first shot.", type='thinking'), TextBlock(citations=None, text='Looking at a completely unknown board, I need to choose my first move strategically. Since ships are placed horizontally or vertically and must occupy consecutive cells, I\'ll start with a position that gives me a good chance of finding a ship.\n\nFor an 8x8 board, starting near the center is a reasonable approach since ships are often placed away from the edges. This also positions me well for subsequent moves in any direction once I get a hit.\n\n```json\n{\n  "row": 3,\n  "col": 4\n}\n```', type='text')]
{'row': 3, 'col': 4}
Player 2 fires at position (3, 4):
Miss!
Player 1's turn to attack Player 2's board.
  0 1 2 3 4 5 6 7
0 ~ ~ ~ ~ ~ ~ ~ ~
1 ~ ~ ~ ~ ~ ~ ~ ~
2 ~ ~ ~ ~ ~ ~ ~ ~
3 ~ ~ ~ ~ ~ ~ ~ ~
4 ~ ~ ~ ~ O ~ ~ ~
5 ~ ~ ~ ~ ~ ~ ~ ~
6 ~ ~ ~ ~ ~ ~ ~ ~
7 ~ ~ ~ ~ ~ ~ ~ ~

length of messages: 7
full message history: [{'role': 'user', 'content': [{'type': 'text', 'text': 'Here is your observation of your opponent\'s board. X represents a hit, O represents a miss, and ~ represents unknown cells.\n  0 1 2 3 4 5 6 7\n0 ~ ~ ~ ~ ~ ~ ~ ~\n1 ~ ~ ~ ~ ~ ~ ~ ~\n2 ~ ~ ~ ~ ~ ~ ~ ~\n3 ~ ~ ~ ~ ~ ~ ~ ~\n4 ~ ~ ~ ~ ~ ~ ~ ~\n5 ~ ~ ~ ~ ~ ~ ~ ~\n6 ~ ~ ~ ~ ~ ~ ~ ~\n7 ~ ~ ~ ~ ~ ~ ~ ~\nUse the tools at your disposal to make the best move possible. Only output a JSON block with keys: "row" (integer) and "col" (integer), representing the row and column of the cell you want to fire at.'}]}, {'role': 'user', 'content': [{'type': 'text', 'text': 'Here is your observation of your opponent\'s board. X represents a hit, O represents a miss, and ~ represents unknown cells.\n  0 1 2 3 4 5 6 7\n0 ~ ~ ~ ~ ~ ~ ~ ~\n1 ~ ~ ~ ~ ~ ~ ~ ~\n2 ~ ~ ~ ~ ~ ~ ~ ~\n3 ~ ~ ~ ~ ~ ~ ~ ~\n4 ~ ~ ~ ~ ~ ~ ~ ~\n5 ~ ~ ~ ~ ~ ~ ~ ~\n6 ~ ~ ~ ~ ~ ~ ~ ~\n7 ~ ~ ~ ~ ~ ~ ~ ~\nUse the tools at your disposal to make the best move possible. Only output a JSON block with keys: "row" (integer) and "col" (integer), representing the row and column of the cell you want to fire at.'}]}, {'role': 'assistant', 'content': [{'type': 'text', 'text': 'probability_heatmap'}]}, {'role': 'user', 'content': [{'type': 'text', 'text': '[[0.022321428571428572, 0.033482142857142856, 0.04241071428571429, 0.046875, 0.046875, 0.04241071428571429, 0.033482142857142856, 0.022321428571428572], [0.033482142857142856, 0.044642857142857144, 0.05357142857142857, 0.05803571428571429, 0.05803571428571429, 0.05357142857142857, 0.044642857142857144, 0.033482142857142856], [0.04241071428571429, 0.05357142857142857, 0.0625, 0.06696428571428571, 0.06696428571428571, 0.0625, 0.05357142857142857, 0.04241071428571429], [0.046875, 0.05803571428571429, 0.06696428571428571, 0.07142857142857142, 0.07142857142857142, 0.06696428571428571, 0.05803571428571429, 0.046875], [0.046875, 0.05803571428571429, 0.06696428571428571, 0.07142857142857142, 0.07142857142857142, 0.06696428571428571, 0.05803571428571429, 0.046875], [0.04241071428571429, 0.05357142857142857, 0.0625, 0.06696428571428571, 0.06696428571428571, 0.0625, 0.05357142857142857, 0.04241071428571429], [0.033482142857142856, 0.044642857142857144, 0.05357142857142857, 0.05803571428571429, 0.05803571428571429, 0.05357142857142857, 0.044642857142857144, 0.033482142857142856], [0.022321428571428572, 0.033482142857142856, 0.04241071428571429, 0.046875, 0.046875, 0.04241071428571429, 0.033482142857142856, 0.022321428571428572]]'}]}, {'role': 'user', 'content': [{'type': 'text', 'text': 'Here is your observation of your opponent\'s board. X represents a hit, O represents a miss, and ~ represents unknown cells.\n  0 1 2 3 4 5 6 7\n0 ~ ~ ~ ~ ~ ~ ~ ~\n1 ~ ~ ~ ~ ~ ~ ~ ~\n2 ~ ~ ~ ~ ~ ~ ~ ~\n3 ~ ~ ~ ~ ~ ~ ~ ~\n4 ~ ~ ~ ~ ~ ~ ~ ~\n5 ~ ~ ~ ~ ~ ~ ~ ~\n6 ~ ~ ~ ~ ~ ~ ~ ~\n7 ~ ~ ~ ~ ~ ~ ~ ~\nUse the tools at your disposal to make the best move possible. Only output a JSON block with keys: "row" (integer) and "col" (integer), representing the row and column of the cell you want to fire at.'}]}, {'role': 'user', 'content': [{'type': 'text', 'text': 'That was a miss!'}]}, {'role': 'user', 'content': [{'type': 'text', 'text': 'Here is your observation of your opponent\'s board. X represents a hit, O represents a miss, and ~ represents unknown cells.\n  0 1 2 3 4 5 6 7\n0 ~ ~ ~ ~ ~ ~ ~ ~\n1 ~ ~ ~ ~ ~ ~ ~ ~\n2 ~ ~ ~ ~ ~ ~ ~ ~\n3 ~ ~ ~ ~ ~ ~ ~ ~\n4 ~ ~ ~ ~ O ~ ~ ~\n5 ~ ~ ~ ~ ~ ~ ~ ~\n6 ~ ~ ~ ~ ~ ~ ~ ~\n7 ~ ~ ~ ~ ~ ~ ~ ~\nUse the tools at your disposal to make the best move possible. Only output a JSON block with keys: "row" (integer) and "col" (integer), representing the row and column of the cell you want to fire at.'}]}]
number of tools available: 3
[ThinkingBlock(signature='ErUBCkYIARgCIkCXZw1999VsXIOwih6Z5I3Rh1zb/0Fw5LdPaXtOoshOr5zlaSvNqsi3EaLiSQ6nUhiAp1yi8+MaS+vW8LP2tCueEgwWiFEElpFEgPXE0LMaDKuP1xl62iTwIZjbRiIwXD94ai2CjXBXEFG/sL4nw2TrZTeRnd5w/lVWv/cAiItx2mur/ucuUZBJMvMogHpeKh0bvPe1FVzpPR+BhL7M7LuE0dZrYTi9ZOmIXiD15A==', thinking='I see that I made my first move at (4, 4) and it was a miss. Now I need to update my strategy based on this new information. Let me use the probability heatmap tool again to help me determine the next best move.', type='thinking'), ToolUseBlock(id='toolu_019x1ofxTg1XNaVkHvM1z5hv', input={}, name='probability_heatmap', type='tool_use')]
length of messages: 10
full message history: [{'role': 'user', 'content': [{'type': 'text', 'text': 'Here is your observation of your opponent\'s board. X represents a hit, O represents a miss, and ~ represents unknown cells.\n  0 1 2 3 4 5 6 7\n0 ~ ~ ~ ~ ~ ~ ~ ~\n1 ~ ~ ~ ~ ~ ~ ~ ~\n2 ~ ~ ~ ~ ~ ~ ~ ~\n3 ~ ~ ~ ~ ~ ~ ~ ~\n4 ~ ~ ~ ~ ~ ~ ~ ~\n5 ~ ~ ~ ~ ~ ~ ~ ~\n6 ~ ~ ~ ~ ~ ~ ~ ~\n7 ~ ~ ~ ~ ~ ~ ~ ~\nUse the tools at your disposal to make the best move possible. Only output a JSON block with keys: "row" (integer) and "col" (integer), representing the row and column of the cell you want to fire at.'}]}, {'role': 'user', 'content': [{'type': 'text', 'text': 'Here is your observation of your opponent\'s board. X represents a hit, O represents a miss, and ~ represents unknown cells.\n  0 1 2 3 4 5 6 7\n0 ~ ~ ~ ~ ~ ~ ~ ~\n1 ~ ~ ~ ~ ~ ~ ~ ~\n2 ~ ~ ~ ~ ~ ~ ~ ~\n3 ~ ~ ~ ~ ~ ~ ~ ~\n4 ~ ~ ~ ~ ~ ~ ~ ~\n5 ~ ~ ~ ~ ~ ~ ~ ~\n6 ~ ~ ~ ~ ~ ~ ~ ~\n7 ~ ~ ~ ~ ~ ~ ~ ~\nUse the tools at your disposal to make the best move possible. Only output a JSON block with keys: "row" (integer) and "col" (integer), representing the row and column of the cell you want to fire at.'}]}, {'role': 'assistant', 'content': [{'type': 'text', 'text': 'probability_heatmap'}]}, {'role': 'user', 'content': [{'type': 'text', 'text': '[[0.022321428571428572, 0.033482142857142856, 0.04241071428571429, 0.046875, 0.046875, 0.04241071428571429, 0.033482142857142856, 0.022321428571428572], [0.033482142857142856, 0.044642857142857144, 0.05357142857142857, 0.05803571428571429, 0.05803571428571429, 0.05357142857142857, 0.044642857142857144, 0.033482142857142856], [0.04241071428571429, 0.05357142857142857, 0.0625, 0.06696428571428571, 0.06696428571428571, 0.0625, 0.05357142857142857, 0.04241071428571429], [0.046875, 0.05803571428571429, 0.06696428571428571, 0.07142857142857142, 0.07142857142857142, 0.06696428571428571, 0.05803571428571429, 0.046875], [0.046875, 0.05803571428571429, 0.06696428571428571, 0.07142857142857142, 0.07142857142857142, 0.06696428571428571, 0.05803571428571429, 0.046875], [0.04241071428571429, 0.05357142857142857, 0.0625, 0.06696428571428571, 0.06696428571428571, 0.0625, 0.05357142857142857, 0.04241071428571429], [0.033482142857142856, 0.044642857142857144, 0.05357142857142857, 0.05803571428571429, 0.05803571428571429, 0.05357142857142857, 0.044642857142857144, 0.033482142857142856], [0.022321428571428572, 0.033482142857142856, 0.04241071428571429, 0.046875, 0.046875, 0.04241071428571429, 0.033482142857142856, 0.022321428571428572]]'}]}, {'role': 'user', 'content': [{'type': 'text', 'text': 'Here is your observation of your opponent\'s board. X represents a hit, O represents a miss, and ~ represents unknown cells.\n  0 1 2 3 4 5 6 7\n0 ~ ~ ~ ~ ~ ~ ~ ~\n1 ~ ~ ~ ~ ~ ~ ~ ~\n2 ~ ~ ~ ~ ~ ~ ~ ~\n3 ~ ~ ~ ~ ~ ~ ~ ~\n4 ~ ~ ~ ~ ~ ~ ~ ~\n5 ~ ~ ~ ~ ~ ~ ~ ~\n6 ~ ~ ~ ~ ~ ~ ~ ~\n7 ~ ~ ~ ~ ~ ~ ~ ~\nUse the tools at your disposal to make the best move possible. Only output a JSON block with keys: "row" (integer) and "col" (integer), representing the row and column of the cell you want to fire at.'}]}, {'role': 'user', 'content': [{'type': 'text', 'text': 'That was a miss!'}]}, {'role': 'user', 'content': [{'type': 'text', 'text': 'Here is your observation of your opponent\'s board. X represents a hit, O represents a miss, and ~ represents unknown cells.\n  0 1 2 3 4 5 6 7\n0 ~ ~ ~ ~ ~ ~ ~ ~\n1 ~ ~ ~ ~ ~ ~ ~ ~\n2 ~ ~ ~ ~ ~ ~ ~ ~\n3 ~ ~ ~ ~ ~ ~ ~ ~\n4 ~ ~ ~ ~ O ~ ~ ~\n5 ~ ~ ~ ~ ~ ~ ~ ~\n6 ~ ~ ~ ~ ~ ~ ~ ~\n7 ~ ~ ~ ~ ~ ~ ~ ~\nUse the tools at your disposal to make the best move possible. Only output a JSON block with keys: "row" (integer) and "col" (integer), representing the row and column of the cell you want to fire at.'}]}, {'role': 'assistant', 'content': [{'type': 'text', 'text': 'probability_heatmap'}]}, {'role': 'user', 'content': [{'type': 'text', 'text': '[[0.02403846153846154, 0.036057692307692304, 0.04567307692307692, 0.05048076923076923, 0.04807692307692308, 0.04567307692307692, 0.036057692307692304, 0.02403846153846154], [0.036057692307692304, 0.04807692307692308, 0.057692307692307696, 0.0625, 0.055288461538461536, 0.057692307692307696, 0.04807692307692308, 0.036057692307692304], [0.04567307692307692, 0.057692307692307696, 0.0673076923076923, 0.07211538461538461, 0.055288461538461536, 0.0673076923076923, 0.057692307692307696, 0.04567307692307692], [0.05048076923076923, 0.0625, 0.07211538461538461, 0.07692307692307693, 0.04807692307692308, 0.07211538461538461, 0.0625, 0.05048076923076923], [0.04807692307692308, 0.055288461538461536, 0.055288461538461536, 0.04807692307692308, 0.0, 0.04567307692307692, 0.04807692307692308, 0.04567307692307692], [0.04567307692307692, 0.057692307692307696, 0.0673076923076923, 0.07211538461538461, 0.04567307692307692, 0.0673076923076923, 0.057692307692307696, 0.04567307692307692], [0.036057692307692304, 0.04807692307692308, 0.057692307692307696, 0.0625, 0.04807692307692308, 0.057692307692307696, 0.04807692307692308, 0.036057692307692304], [0.02403846153846154, 0.036057692307692304, 0.04567307692307692, 0.05048076923076923, 0.04567307692307692, 0.04567307692307692, 0.036057692307692304, 0.02403846153846154]]'}]}, {'role': 'user', 'content': [{'type': 'text', 'text': 'Here is your observation of your opponent\'s board. X represents a hit, O represents a miss, and ~ represents unknown cells.\n  0 1 2 3 4 5 6 7\n0 ~ ~ ~ ~ ~ ~ ~ ~\n1 ~ ~ ~ ~ ~ ~ ~ ~\n2 ~ ~ ~ ~ ~ ~ ~ ~\n3 ~ ~ ~ ~ ~ ~ ~ ~\n4 ~ ~ ~ ~ O ~ ~ ~\n5 ~ ~ ~ ~ ~ ~ ~ ~\n6 ~ ~ ~ ~ ~ ~ ~ ~\n7 ~ ~ ~ ~ ~ ~ ~ ~\nUse the tools at your disposal to make the best move possible. Only output a JSON block with keys: "row" (integer) and "col" (integer), representing the row and column of the cell you want to fire at.'}]}]
number of tools available: 3
[ThinkingBlock(signature='ErUBCkYIARgCIkBuS2nMJ+M6z48mBKc/0u9niiiGY1NHhj4vRwXXykc4bAkUSSq4lwEozPlPfCKKH7jGhXGLdBI833HZNSJkewJGEgx0jIpGtbAR2xD864YaDAlIA5l9yctOgbGkECIw1ERzFiXYUHUOFLJY6MBSHateXqM/s6T/jV5GFBUYkyVEgb2+1XmjVvdcaH+GPBolKh1rm9JWx+2dhzOWTPapgFKzXpREqvzw9xPiDLfKTw==', thinking='The probability heatmap shows that the highest probability (0.07692307692307693) is at position [3, 3]. This makes sense as the center of the board is more likely to contain ships since they can be oriented in more ways there.\n\nI should target this highest probability position:', type='thinking'), TextBlock(citations=None, text='{"row": 3, "col": 3}', type='text')]
{'row': 3, 'col': 3}
Player 1 fires at position (3, 3):
Hit!
Player 2's turn to attack Player 1's board.
  0 1 2 3 4 5 6 7
0 ~ ~ ~ ~ ~ ~ ~ ~
1 ~ ~ ~ ~ ~ ~ ~ ~
2 ~ ~ ~ ~ ~ ~ ~ ~
3 ~ ~ ~ ~ O ~ ~ ~
4 ~ ~ ~ ~ ~ ~ ~ ~
5 ~ ~ ~ ~ ~ ~ ~ ~
6 ~ ~ ~ ~ ~ ~ ~ ~
7 ~ ~ ~ ~ ~ ~ ~ ~

length of messages: 3
full message history: [{'role': 'user', 'content': [{'type': 'text', 'text': 'Here is your observation of your opponent\'s board. X represents a hit, O represents a miss, and ~ represents unknown cells.\n  0 1 2 3 4 5 6 7\n0 ~ ~ ~ ~ ~ ~ ~ ~\n1 ~ ~ ~ ~ ~ ~ ~ ~\n2 ~ ~ ~ ~ ~ ~ ~ ~\n3 ~ ~ ~ ~ ~ ~ ~ ~\n4 ~ ~ ~ ~ ~ ~ ~ ~\n5 ~ ~ ~ ~ ~ ~ ~ ~\n6 ~ ~ ~ ~ ~ ~ ~ ~\n7 ~ ~ ~ ~ ~ ~ ~ ~\nUse the tools at your disposal to make the best move possible. Only output a JSON block with keys: "row" (integer) and "col" (integer), representing the row and column of the cell you want to fire at.'}]}, {'role': 'user', 'content': [{'type': 'text', 'text': 'That was a miss!'}]}, {'role': 'user', 'content': [{'type': 'text', 'text': 'Here is your observation of your opponent\'s board. X represents a hit, O represents a miss, and ~ represents unknown cells.\n  0 1 2 3 4 5 6 7\n0 ~ ~ ~ ~ ~ ~ ~ ~\n1 ~ ~ ~ ~ ~ ~ ~ ~\n2 ~ ~ ~ ~ ~ ~ ~ ~\n3 ~ ~ ~ ~ O ~ ~ ~\n4 ~ ~ ~ ~ ~ ~ ~ ~\n5 ~ ~ ~ ~ ~ ~ ~ ~\n6 ~ ~ ~ ~ ~ ~ ~ ~\n7 ~ ~ ~ ~ ~ ~ ~ ~\nUse the tools at your disposal to make the best move possible. Only output a JSON block with keys: "row" (integer) and "col" (integer), representing the row and column of the cell you want to fire at.'}]}]
number of tools available: 0
[ThinkingBlock(signature='ErUBCkYIARgCIkC4G5Jasa9QzzGSko1lqQ5x0+gRz+6l/9Pws8yLjIAss+CnZeiBcgt6KeJ3TLLTZZEN241xvvHbky0zJrwdE+zqEgylB9Luqve2bA6Y0X0aDJEa+Y4LZeGocbGfaCIwbVpz3z31EEERFfqoOOFEvtoVDqmqaT+ga0vXgB/z6VE/CYLmICDhGwGx6IPuISIBKh0qo1TF1GJ4ilrIHo8G8q79+HRIJU5mFADpDI27FA==', thinking="I missed at position (3, 4). Now I need to make another guess. Since I don't have any information about hits yet, I'll continue exploring the board by choosing another position. \n\nA common strategy in Battleship is to space out guesses in a way that maximizes the chance of hitting larger ships. Since this is still my second guess, I'll choose a position that's somewhat distant from my first guess.\n\nLet me choose position (1, 1), which is on the opposite side of the board from my previous guess.", type='thinking'), TextBlock(citations=None, text='```json\n{\n  "row": 1,\n  "col": 1\n}\n```', type='text')]
{'row': 1, 'col': 1}
Player 2 fires at position (1, 1):
Miss!
Player 1's turn to attack Player 2's board.
  0 1 2 3 4 5 6 7
0 ~ ~ ~ ~ ~ ~ ~ ~
1 ~ ~ ~ ~ ~ ~ ~ ~
2 ~ ~ ~ ~ ~ ~ ~ ~
3 ~ ~ ~ X ~ ~ ~ ~
4 ~ ~ ~ ~ O ~ ~ ~
5 ~ ~ ~ ~ ~ ~ ~ ~
6 ~ ~ ~ ~ ~ ~ ~ ~
7 ~ ~ ~ ~ ~ ~ ~ ~

length of messages: 11
